
egoPoseData: : 
{'rotation': [0.9922343109724941, 0.01775276520407969, 0.0017855476906626358, -0.12309639830633883], 'translation': [501.76667852481904, 2666.474431881564, -19.43222607958692], 'token': 'ad188ad58b55caf67e01cdc40398a4bc95159e743bac87bdf1e00aac9bff0889', 'timestamp': 1551977843101307.2}

egoPoseData['rotation']: : 
[0.9922343109724941, 0.01775276520407969, 0.0017855476906626358, -0.12309639830633883]

egoPoseRotMtx.shape: (3, 3)
egoPoseRotMtx: 
[[ 0.96968818  0.24434434 -0.00082724]
 [-0.24421754  0.96906423 -0.03566939]
 [-0.00791397  0.03479022  0.9993633 ]]

egoPoseData['translation']: 
[501.76667852481904, 2666.474431881564, -19.43222607958692]

carToGlobalTransMtx.shape: (4, 4)
carToGlobalTransMtx: 
[[   0.96968818    0.24434434   -0.00082724  501.76667852]
 [  -0.24421754    0.96906423   -0.03566939 2666.47443188]
 [  -0.00791397    0.03479022    0.9993633   -19.43222608]
 [   0.            0.            0.            1.        ]]

voxelToCarTransMtx.shape: (4, 4)
voxelToCarTransMtx: 
[[  2.5          0.           0.         250.        ]
 [  0.           2.5          0.         250.        ]
 [  0.           0.           0.6666667    0.16666667]
 [  0.           0.           0.           1.        ]]

invVoxelToCarTransMtx.shape: (4, 4)
invVoxelToCarTransMtx: 
[[   0.4     0.      0.   -100.  ]
 [   0.      0.4     0.   -100.  ]
 [   0.      0.      1.5    -0.25]
 [   0.      0.      0.      1.  ]]

voxelToGlobalTransMtx.shape: (4, 4)
voxelToGlobalTransMtx: 
[[   0.38787528    0.09773774   -0.00124086  380.36363395]
 [  -0.09768702    0.3876257    -0.05350409 2593.99868033]
 [  -0.00316559    0.01391609    1.49904495  -22.36969193]
 [   0.            0.            0.            1.        ]]

boxes1.shape: (3, 4, 2)
boxes1: 
[[[427.7525  272.47525]
  [414.68317 271.1683 ]
  [415.21783 265.82175]
  [428.28717 267.1287 ]]

 [[157.61386 251.13861]
  [169.89108 249.91089]
  [170.41583 255.15842]
  [158.13861 256.38614]]

 [[202.      247.     ]
  [214.      247.     ]
  [214.      252.     ]
  [202.      252.     ]]]

boxes2.shape: (12, 2)
boxes2: 
[[427.7525  272.47525]
 [414.68317 271.1683 ]
 [415.21783 265.82175]
 [428.28717 267.1287 ]
 [157.61386 251.13861]
 [169.89108 249.91089]
 [170.41583 255.15842]
 [158.13861 256.38614]
 [202.      247.     ]
 [214.      247.     ]
 [214.      252.     ]
 [202.      252.     ]]

boxes3.shape: (2, 12)
boxes3: 
[[427.7525  414.68317 415.21783 428.28717 157.61386 169.89108 170.41583
  158.13861 202.      214.      214.      202.     ]
 [272.47525 271.1683  265.82175 267.1287  251.13861 249.91089 255.15842
  256.38614 247.      247.      252.      252.     ]]

boxes4.shape: (3, 12)
boxes4: 
[[427.75250244 414.6831665  415.21783447 428.28717041 157.61386108
  169.89108276 170.41583252 158.13861084 202.         214.
  214.         202.        ]
 [272.47525024 271.16830444 265.82174683 267.12869263 251.13861084
  249.91088867 255.15841675 256.38613892 247.         247.
  252.         252.        ]
 [  0.           0.           0.           0.           0.
    0.           0.           0.           0.           0.
    0.           0.        ]]

boxes5.shape: (3, 12)
boxes5: 
[[ 572.90936828  567.71235806  567.39718211  572.59419232  466.0438732
   470.68590917  471.40232814  466.76029217  482.85566066  487.51016398
   487.99885266  483.34434934]
 [2657.83122286 2658.60132154 2656.47662829 2655.70652961 2675.94963161
  2674.27440977 2676.25722526 2677.93244711 2670.00945011 2668.83720589
  2670.77533438 2671.9475786 ]
 [ -19.93199026  -19.90880572  -19.98490142  -20.00808596  -19.37376554
   -19.42971523  -19.35835132  -19.30240162  -19.57186697  -19.60985401
   -19.54027358  -19.50228654]]

boxes6.shape: (3, 12)
boxes6: 
[[ 572.90936828  567.71235806  567.39718211  572.59419232  466.0438732
   470.68590917  471.40232814  466.76029217  482.85566066  487.51016398
   487.99885266  483.34434934]
 [2657.83122286 2658.60132154 2656.47662829 2655.70652961 2675.94963161
  2674.27440977 2676.25722526 2677.93244711 2670.00945011 2668.83720589
  2670.77533438 2671.9475786 ]
 [ -19.43222608  -19.43222608  -19.43222608  -19.43222608  -19.43222608
   -19.43222608  -19.43222608  -19.43222608  -19.43222608  -19.43222608
   -19.43222608  -19.43222608]]

boxes7.shape: (12, 3)
boxes7: 
[[ 572.90936828 2657.83122286  -19.43222608]
 [ 567.71235806 2658.60132154  -19.43222608]
 [ 567.39718211 2656.47662829  -19.43222608]
 [ 572.59419232 2655.70652961  -19.43222608]
 [ 466.0438732  2675.94963161  -19.43222608]
 [ 470.68590917 2674.27440977  -19.43222608]
 [ 471.40232814 2676.25722526  -19.43222608]
 [ 466.76029217 2677.93244711  -19.43222608]
 [ 482.85566066 2670.00945011  -19.43222608]
 [ 487.51016398 2668.83720589  -19.43222608]
 [ 487.99885266 2670.77533438  -19.43222608]
 [ 483.34434934 2671.9475786   -19.43222608]]

boxes8.shape: (3, 4, 3)
boxes8: 
[[[ 572.90936828 2657.83122286  -19.43222608]
  [ 567.71235806 2658.60132154  -19.43222608]
  [ 567.39718211 2656.47662829  -19.43222608]
  [ 572.59419232 2655.70652961  -19.43222608]]

 [[ 466.0438732  2675.94963161  -19.43222608]
  [ 470.68590917 2674.27440977  -19.43222608]
  [ 471.40232814 2676.25722526  -19.43222608]
  [ 466.76029217 2677.93244711  -19.43222608]]

 [[ 482.85566066 2670.00945011  -19.43222608]
  [ 487.51016398 2668.83720589  -19.43222608]
  [ 487.99885266 2670.77533438  -19.43222608]
  [ 483.34434934 2671.9475786   -19.43222608]]]

boxCenters.shape: (3, 3)
boxCenters: 
[[ 570.15327519 2657.15392558  -19.43222608]
 [ 468.72310067 2676.10342844  -19.43222608]
 [ 485.42725666 2670.39239225  -19.43222608]]

boxCenters.shape: (3, 3)
boxCenters: 
[[ 570.15327519 2657.15392558  -18.55722608]
 [ 468.72310067 2676.10342844  -18.55722608]
 [ 485.42725666 2670.39239225  -18.55722608]]

widths.shape: (3,)
widths: 
[2.14794257 2.10827262 1.9987893 ]

lengths.shape: (3,)
lengths: 
[5.25375743 4.93506496 4.79984976]

boxDims.shape: (3, 3)
boxDims: 
[[2.14794257 5.25375743 1.75      ]
 [2.10827262 4.93506496 1.75      ]
 [1.9987893  4.79984976 1.75      ]]

center.shape: (3,)
center: 
[5.25375743 4.93506496 4.79984976]

size.shape: (3,)
size: 
[2.14794257 5.25375743 1.75      ]

classification: 
car

rotVec1.shape: (3,)
rotVec1: 
[-5.19701022  0.77009868  0.        ]

rotVev2.shape: (3,)
rotVev2: 
[-0.98919874  0.14658056  0.        ]

rotMtx.shape: (3, 3)
rotMtx: 
[[-0.98919874 -0.14658056  0.        ]
 [ 0.14658056 -0.98919874  0.        ]
 [ 0.          0.          1.        ]]

quat: 
0.073 +0.000i +0.000j +0.997k

detectionScore: 
201.0

box3d: 
{'sample_token': '01b0516bfe25dea3108c389b9c512ed8be3a08d61688e4896ba38acae6dd702e', 'translation': [570.1532751917962, 2657.15392557567, -18.55722607958692], 'size': [2.147942572085187, 5.253757433240773, 1.75], 'rotation': [0.07348899007332026, 0.0, 0.0, 0.9972960284378973], 'name': 'car', 'volume': 19.748346194967, 'score': 201.0}
