
egoPoseData: : 
{'rotation': [0.8029484660696983, 0.007388161542239038, 0.05291512416072235, 0.5936490255533142], 'translation': [579.9554868947387, 3318.869423849132, 0.1800069738157859], 'token': '3d78dd64300ae2a2954686d2bf3656e8491c17b19973490e28182333ea6f4504', 'timestamp': 1547165656301647.8}

egoPoseData['rotation']: : 
[0.8029484660696983, 0.007388161542239038, 0.05291512416072235, 0.5936490255533142]

egoPoseRotMtx.shape: (3, 3)
egoPoseRotMtx: 
[[ 0.28956165 -0.95255726  0.09374819]
 [ 0.95412104  0.2950525   0.0509614 ]
 [-0.07620429  0.07469065  0.99429081]]

egoPoseData['translation']: 
[579.9554868947387, 3318.869423849132, 0.1800069738157859]

carToGlobalTransMtx.shape: (4, 4)
carToGlobalTransMtx: 
[[   0.28956165   -0.95255726    0.09374819  579.95548689]
 [   0.95412104    0.2950525     0.0509614  3318.86942385]
 [  -0.07620429    0.07469065    0.99429081    0.18000697]
 [   0.            0.            0.            1.        ]]

voxelToCarTransMtx.shape: (4, 4)
voxelToCarTransMtx: 
[[  2.5          0.           0.         250.        ]
 [  0.           2.5          0.         250.        ]
 [  0.           0.           0.6666667    0.16666667]
 [  0.           0.           0.           1.        ]]

invVoxelToCarTransMtx.shape: (4, 4)
invVoxelToCarTransMtx: 
[[   0.4     0.      0.   -100.  ]
 [   0.      0.4     0.   -100.  ]
 [   0.      0.      1.5    -0.25]
 [   0.      0.      0.      1.  ]]

voxelToGlobalTransMtx.shape: (4, 4)
voxelToGlobalTransMtx: 
[[   0.11582466   -0.38102291    0.14062228  646.23161082]
 [   0.38164842    0.118021      0.0764421  3193.93932961]
 [  -0.03048171    0.02987626    1.49143621    0.08279787]
 [   0.            0.            0.            1.        ]]

boxes1.shape: (3, 4, 2)
boxes1: 
[[[ 88. 272.]
  [ 95. 272.]
  [ 95. 277.]
  [ 88. 277.]]

 [[101. 263.]
  [114. 263.]
  [114. 268.]
  [101. 268.]]

 [[190. 247.]
  [202. 247.]
  [202. 252.]
  [190. 252.]]]

boxes2.shape: (12, 2)
boxes2: 
[[ 88. 272.]
 [ 95. 272.]
 [ 95. 277.]
 [ 88. 277.]
 [101. 263.]
 [114. 263.]
 [114. 268.]
 [101. 268.]
 [190. 247.]
 [202. 247.]
 [202. 252.]
 [190. 252.]]

boxes3.shape: (2, 12)
boxes3: 
[[ 88.  95.  95.  88. 101. 114. 114. 101. 190. 202. 202. 190.]
 [272. 272. 277. 277. 263. 263. 268. 268. 247. 247. 252. 252.]]

boxes4.shape: (3, 12)
boxes4: 
[[ 88.  95.  95.  88. 101. 114. 114. 101. 190. 202. 202. 190.]
 [272. 272. 277. 277. 263. 263. 268. 268. 247. 247. 252. 252.]
 [  0.   0.   0.   0.   0.   0.   0.   0.   0.   0.   0.   0.]]

boxes5.shape: (3, 12)
boxes5: 
[[ 552.78594978  553.59672241  551.69160787  550.88083524  557.72087656
   559.22659715  557.3214826   555.81576201  574.12563793  575.51553386
   573.61041931  572.22052338]
 [3259.62610309 3262.29764204 3262.88774704 3260.21620809 3263.52534356
  3268.48677304 3269.07687804 3264.11544856 3295.60371706 3300.18349812
  3300.77360313 3296.19382207]
 [   5.52674979    5.31337778    5.46275909    5.67613109    4.86160115
     4.46533886    4.61472016    5.01098245    1.67070837    1.3049278
     1.4543091     1.82008968]]

boxes6.shape: (3, 12)
boxes6: 
[[ 552.78594978  553.59672241  551.69160787  550.88083524  557.72087656
   559.22659715  557.3214826   555.81576201  574.12563793  575.51553386
   573.61041931  572.22052338]
 [3259.62610309 3262.29764204 3262.88774704 3260.21620809 3263.52534356
  3268.48677304 3269.07687804 3264.11544856 3295.60371706 3300.18349812
  3300.77360313 3296.19382207]
 [   0.18000697    0.18000697    0.18000697    0.18000697    0.18000697
     0.18000697    0.18000697    0.18000697    0.18000697    0.18000697
     0.18000697    0.18000697]]

boxes7.shape: (12, 3)
boxes7: 
[[ 552.78594978 3259.62610309    0.18000697]
 [ 553.59672241 3262.29764204    0.18000697]
 [ 551.69160787 3262.88774704    0.18000697]
 [ 550.88083524 3260.21620809    0.18000697]
 [ 557.72087656 3263.52534356    0.18000697]
 [ 559.22659715 3268.48677304    0.18000697]
 [ 557.3214826  3269.07687804    0.18000697]
 [ 555.81576201 3264.11544856    0.18000697]
 [ 574.12563793 3295.60371706    0.18000697]
 [ 575.51553386 3300.18349812    0.18000697]
 [ 573.61041931 3300.77360313    0.18000697]
 [ 572.22052338 3296.19382207    0.18000697]]

boxes8.shape: (3, 4, 3)
boxes8: 
[[[ 552.78594978 3259.62610309    0.18000697]
  [ 553.59672241 3262.29764204    0.18000697]
  [ 551.69160787 3262.88774704    0.18000697]
  [ 550.88083524 3260.21620809    0.18000697]]

 [[ 557.72087656 3263.52534356    0.18000697]
  [ 559.22659715 3268.48677304    0.18000697]
  [ 557.3214826  3269.07687804    0.18000697]
  [ 555.81576201 3264.11544856    0.18000697]]

 [[ 574.12563793 3295.60371706    0.18000697]
  [ 575.51553386 3300.18349812    0.18000697]
  [ 573.61041931 3300.77360313    0.18000697]
  [ 572.22052338 3296.19382207    0.18000697]]]

boxCenters.shape: (3, 3)
boxCenters: 
[[ 552.23877882 3261.25692507    0.18000697]
 [ 557.52117958 3266.3011108     0.18000697]
 [ 573.86802862 3298.18866009    0.18000697]]

boxCenters.shape: (3, 3)
boxCenters: 
[[ 552.23877882 3261.25692507    1.05500697]
 [ 557.52117958 3266.3011108     1.05500697]
 [ 573.86802862 3298.18866009    1.05500697]]

widths.shape: (3,)
widths: 
[1.99441353 1.99441353 1.99441353]

lengths.shape: (3,)
lengths: 
[2.79185827 5.18487965 4.78604276]

boxDims.shape: (3, 3)
boxDims: 
[[1.99441353 2.79185827 1.75      ]
 [1.99441353 5.18487965 1.75      ]
 [1.99441353 4.78604276 1.75      ]]

center.shape: (3,)
center: 
[2.79185827 5.18487965 4.78604276]

size.shape: (3,)
size: 
[1.99441353 2.79185827 1.75      ]

classification: 
car

rotVec1.shape: (3,)
rotVec1: 
[0.81077263 2.67153895 0.        ]

rotVev2.shape: (3,)
rotVev2: 
[0.29040608 0.9569035  0.        ]

rotMtx.shape: (3, 3)
rotMtx: 
[[ 0.29040608 -0.9569035   0.        ]
 [ 0.9569035   0.29040608  0.        ]
 [ 0.          0.          1.        ]]

quat: 
0.803 +0.000i +0.000j +0.596k

detectionScore: 
213.0

box3d: 
{'sample_token': '0257fc0cc6ae46256c5f5e34460d07fad92ed0a4f195242922bbb11137b0f75f', 'translation': [552.2387788248526, 3261.2569250655165, 1.055006973815786], 'size': [1.9944135343269036, 2.7918582739571867, 1.75], 'rotation': [0.8032453185342733, 0.0, 0.0, 0.5956483511710361], 'name': 'car', 'volume': 9.744209873129831, 'score': 213.0}
