
egoPoseData: : 
{'rotation': [0.8125134900086181, 0.02456589138267936, 0.007406309145390458, 0.5823774481549165], 'translation': [640.9502143540328, 3540.714628053312, -5.475456625718923], 'token': '28e41b5bb3ee807b0db8adbe373a4946c58293b59213c37a32e278766cb14f16', 'timestamp': 1547165675501593.0}

egoPoseData['rotation']: : 
[0.8125134900086181, 0.02456589138267936, 0.007406309145390458, 0.5823774481549165]

egoPoseRotMtx.shape: (3, 3)
egoPoseRotMtx: 
[[ 0.32156331 -0.94601518  0.04064869]
 [ 0.94674295  0.32046605 -0.0312937 ]
 [ 0.01657779  0.04854677  0.99868333]]

egoPoseData['translation']: 
[640.9502143540328, 3540.714628053312, -5.475456625718923]

carToGlobalTransMtx.shape: (4, 4)
carToGlobalTransMtx: 
[[   0.32156331   -0.94601518    0.04064869  640.95021435]
 [   0.94674295    0.32046605   -0.0312937  3540.71462805]
 [   0.01657779    0.04854677    0.99868333   -5.47545663]
 [   0.            0.            0.            1.        ]]

voxelToCarTransMtx.shape: (4, 4)
voxelToCarTransMtx: 
[[  2.5          0.           0.         250.        ]
 [  0.           2.5          0.         250.        ]
 [  0.           0.           0.6666667    0.16666667]
 [  0.           0.           0.           1.        ]]

invVoxelToCarTransMtx.shape: (4, 4)
invVoxelToCarTransMtx: 
[[   0.4     0.      0.   -100.  ]
 [   0.      0.4     0.   -100.  ]
 [   0.      0.      1.5    -0.25]
 [   0.      0.      0.      1.  ]]

voxelToGlobalTransMtx.shape: (4, 4)
voxelToGlobalTransMtx: 
[[   0.12862533   -0.37840608    0.06097304  703.38523935]
 [   0.37869719    0.12818642   -0.04694055 3414.00155141]
 [   0.00663112    0.01941871    1.49802499  -12.23758358]
 [   0.            0.            0.            1.        ]]

boxes1.shape: (3, 4, 2)
boxes1: 
[[[311.      311.     ]
  [310.      310.     ]
  [311.      309.     ]
  [312.      310.     ]]

 [[277.00003 302.00003]
  [276.00003 301.00003]
  [277.00003 300.00003]
  [278.00003 301.00003]]

 [[205.      245.     ]
  [217.      245.     ]
  [217.      250.     ]
  [205.      250.     ]]]

boxes2.shape: (12, 2)
boxes2: 
[[311.      311.     ]
 [310.      310.     ]
 [311.      309.     ]
 [312.      310.     ]
 [277.00003 302.00003]
 [276.00003 301.00003]
 [277.00003 300.00003]
 [278.00003 301.00003]
 [205.      245.     ]
 [217.      245.     ]
 [217.      250.     ]
 [205.      250.     ]]

boxes3.shape: (2, 12)
boxes3: 
[[311.      310.      311.      312.      277.00003 276.00003 277.00003
  278.00003 205.      217.      217.      205.     ]
 [311.      310.      309.      310.      302.00003 301.00003 300.00003
  301.00003 245.      245.      250.      250.     ]]

boxes4.shape: (3, 12)
boxes4: 
[[311.         310.         311.         312.         277.00003052
  276.00003052 277.00003052 278.00003052 205.         217.
  217.         205.        ]
 [311.         310.         309.         310.         302.00003052
  301.00003052 300.00003052 301.00003052 245.         245.
  250.         250.        ]
 [  0.           0.           0.           0.           0.
    0.           0.           0.           0.           0.
    0.           0.        ]]

boxes5.shape: (3, 12)
boxes5: 
[[ 625.70342535  625.95320611  626.46023751  626.21045676  624.73581137
   624.98559212  625.49262352  625.24284277  637.04394199  638.5874459
   636.69541551  635.1519116 ]
 [3571.64235344 3571.13546984 3571.3859806  3571.89286421 3557.61298679
  3557.10610318 3557.35661395 3557.86349756 3523.04014789 3527.58451412
  3528.22544623 3523.68108   ]
 [  -4.13608804   -4.16213787   -4.17492546   -4.14887564   -4.53631358
    -4.5623634    -4.57515099   -4.54910117   -6.12062113   -6.04104774
    -5.94395419   -6.02352759]]

boxes6.shape: (3, 12)
boxes6: 
[[ 625.70342535  625.95320611  626.46023751  626.21045676  624.73581137
   624.98559212  625.49262352  625.24284277  637.04394199  638.5874459
   636.69541551  635.1519116 ]
 [3571.64235344 3571.13546984 3571.3859806  3571.89286421 3557.61298679
  3557.10610318 3557.35661395 3557.86349756 3523.04014789 3527.58451412
  3528.22544623 3523.68108   ]
 [  -5.47545663   -5.47545663   -5.47545663   -5.47545663   -5.47545663
    -5.47545663   -5.47545663   -5.47545663   -5.47545663   -5.47545663
    -5.47545663   -5.47545663]]

boxes7.shape: (12, 3)
boxes7: 
[[ 625.70342535 3571.64235344   -5.47545663]
 [ 625.95320611 3571.13546984   -5.47545663]
 [ 626.46023751 3571.3859806    -5.47545663]
 [ 626.21045676 3571.89286421   -5.47545663]
 [ 624.73581137 3557.61298679   -5.47545663]
 [ 624.98559212 3557.10610318   -5.47545663]
 [ 625.49262352 3557.35661395   -5.47545663]
 [ 625.24284277 3557.86349756   -5.47545663]
 [ 637.04394199 3523.04014789   -5.47545663]
 [ 638.5874459  3527.58451412   -5.47545663]
 [ 636.69541551 3528.22544623   -5.47545663]
 [ 635.1519116  3523.68108      -5.47545663]]

boxes8.shape: (3, 4, 3)
boxes8: 
[[[ 625.70342535 3571.64235344   -5.47545663]
  [ 625.95320611 3571.13546984   -5.47545663]
  [ 626.46023751 3571.3859806    -5.47545663]
  [ 626.21045676 3571.89286421   -5.47545663]]

 [[ 624.73581137 3557.61298679   -5.47545663]
  [ 624.98559212 3557.10610318   -5.47545663]
  [ 625.49262352 3557.35661395   -5.47545663]
  [ 625.24284277 3557.86349756   -5.47545663]]

 [[ 637.04394199 3523.04014789   -5.47545663]
  [ 638.5874459  3527.58451412   -5.47545663]
  [ 636.69541551 3528.22544623   -5.47545663]
  [ 635.1519116  3523.68108      -5.47545663]]]

boxCenters.shape: (3, 3)
boxCenters: 
[[ 626.08183143 3571.51416702   -5.47545663]
 [ 625.11421744 3557.48480037   -5.47545663]
 [ 636.86967875 3525.63279706   -5.47545663]]

boxCenters.shape: (3, 3)
boxCenters: 
[[ 626.08183143 3571.51416702   -4.60045663]
 [ 625.11421744 3557.48480037   -4.60045663]
 [ 636.86967875 3525.63279706   -4.60045663]]

widths.shape: (3,)
widths: 
[0.56554088 0.56554088 1.99764185]

lengths.shape: (3,)
lengths: 
[0.56508532 0.56508532 4.79934045]

boxDims.shape: (3, 3)
boxDims: 
[[0.56554088 0.56508532 1.75      ]
 [0.56554088 0.56508532 1.75      ]
 [1.99764185 4.79934045 1.75      ]]

center.shape: (3,)
center: 
[0.56508532 0.56508532 4.79934045]

size.shape: (3,)
size: 
[0.56554088 0.56508532 1.75      ]

classification: 
car

rotVec1.shape: (3,)
rotVec1: 
[ 0.24978075 -0.50688361  0.        ]

rotVev2.shape: (3,)
rotVev2: 
[ 0.44202308 -0.89700368  0.        ]

rotMtx.shape: (3, 3)
rotMtx: 
[[ 0.44202308  0.89700368  0.        ]
 [-0.89700368  0.44202308  0.        ]
 [ 0.          0.          1.        ]]

quat: 
0.849 +0.000i +0.000j -0.528k

detectionScore: 
163.0

box3d: 
{'sample_token': '033ea8d28086bc6fc6cc0602d83928924e21a86823539c5d9cae6988fff5cff5', 'translation': [626.0818314312215, 3571.5141670229764, -4.600456625718923], 'size': [0.5655408800537044, 0.5650853175944981, 1.75], 'rotation': [0.8491239838054107, 0.0, 0.0, -0.528193582057212], 'name': 'car', 'volume': 0.5592629836811841, 'score': 163.0}
